0.025000 121.685573
0.030000 109.100933
0.035000 96.073219
0.040000 83.150914
0.045000 70.868209
0.050000 59.546402
0.055000 49.407561
0.060000 40.554760
0.065000 32.999406
0.070000 26.640214
0.075000 21.365959
0.080000 17.051022
0.085000 13.548394
0.090000 10.731323
0.095000 8.490428
0.100000 6.732697
0.105000 5.360932
0.110000 4.327338
0.115000 3.547757
0.120000 2.975987
0.125000 2.552336
0.130000 2.234904
0.135000 1.987274
0.140000 1.783321
0.145000 1.603861
0.150000 1.442861
0.155000 1.295105
0.160000 1.159178
0.165000 1.034418
0.170000 0.921787
0.175000 0.819354
0.180000 0.724883
0.185000 0.636253
0.190000 0.553414
0.195000 0.476063
0.200000 0.405651
